% lw1_params.m

l_1  = 0.017;   l_2  = 9.8;    l_3  = 8.52;
a_0  = 0;       a_1  = 1.15;   a_2  = 6.86;
a_3  = 5.35;    a_4  = -1.293; a_5  = 0.39;
a_6  = -0.0005; a_7  = 0;      a_11 = 0.5;

A = [
    -l_1,          -l_2,       -l_1,      l_2-l_3;
    0,              0,         1,         0;
    -a_0-a_11*a_6, -a_11*a_7, -a_11-a_1, -a_2-a_11*(a_4-a_7);
    a_6,            a_7,       1,         a_4-a_7
];

B = [ 0 ; 0 ; -a_3+a_5*a_11 ; -a_5 ];

G = [ 1 ; 0 ; 0 ; 0 ];